# Created by Octave 3.8.2, Fri Apr 08 12:18:58 2016 BST <yy12135@salties>
# name: D
# type: matrix
# rows: 17
# columns: 4
 81.97 81.816 0.2593994140625 0.1053994140625036
 82.43299999999999 82.45400000000001 0.48828125 0.509281250000015
 82.46600000000001 82.45400000000001 0.732421875 0.7204218749999995
 82.4325 82.45400000000001 0.9613037109375 0.9828037109375032
 82.42400000000001 82.45400000000001 1.220703125 1.250703125000001
 82.765 82.45400000000001 1.678466796875 1.367466796875007
 83.2045 82.45400000000001 2.1514892578125 1.400989257812512
 85.77500000000001 83.63000000000001 3.5858154296875 1.440815429687504
 86.95699999999999 83.63000000000001 4.7607421875 1.433742187500016
 88.22199999999999 83.63000000000001 5.9661865234375 1.374186523437515
 89.31 83.63000000000001 7.14111328125 1.461113281250007
 90.535 83.63000000000001 8.331298828125 1.426298828125013
 91.74299999999999 83.63000000000001 9.5062255859375 1.393225585937515
 94.1125 83.63000000000001 11.871337890625 1.388837890625013
 96.54600000000001 83.63000000000001 14.2822265625 1.366226562500003
 98.86499999999999 83.63000000000001 16.66259765625 1.427597656250015
 101.314 83.63000000000001 19.0277099609375 1.343709960937517


# name: E
# type: matrix
# rows: 20
# columns: 1
 0.1053994140625036
 0.509281250000015
 0.7204218749999995
 0.9828037109375032
 1.250703125000001
 1.367466796875007
 1.400989257812512
 1.440815429687504
 1.433742187500016
 1.374186523437515
 1.461113281250007
 1.426298828125013
 1.393225585937515
 1.388837890625013
 1.366226562500003
 1.427597656250015
 1.343709960937517
 1.489081054687503
 1.350452148437512
 1.482048828125002


# name: ETA
# type: matrix
# rows: 6
# columns: 1
 0.1539999999999964
 -0.02100000000001501
 0.01200000000000045
 -0.02150000000000318
 -0.03000000000000114
 10.48249999999999


# name: TA
# type: matrix
# rows: 20
# columns: 1
 0.2593994140625
 0.48828125
 0.732421875
 0.9613037109375
 1.220703125
 1.678466796875
 2.1514892578125
 3.5858154296875
 4.7607421875
 5.9661865234375
 7.14111328125
 8.331298828125
 9.5062255859375
 11.871337890625
 14.2822265625
 16.66259765625
 19.0277099609375
 21.4080810546875
 23.7884521484375
 35.675048828125


# name: TP
# type: matrix
# rows: 20
# columns: 1
 81.816
 82.45400000000001
 82.45400000000001
 82.45400000000001
 82.45400000000001
 82.45400000000001
 82.45400000000001
 83.63000000000001
 83.63000000000001
 83.63000000000001
 83.63000000000001
 83.63000000000001
 83.63000000000001
 83.63000000000001
 83.63000000000001
 83.63000000000001
 83.63000000000001
 83.63000000000001
 84.16800000000001
 84.806


# name: TR
# type: matrix
# rows: 20
# columns: 1
 81.97
 82.43299999999999
 82.46600000000001
 82.4325
 82.42400000000001
 82.765
 83.2045
 85.77500000000001
 86.95699999999999
 88.22199999999999
 89.31
 90.535
 91.74299999999999
 94.1125
 96.54600000000001
 98.86499999999999
 101.314
 103.549
 106.606
 118.999


# name: ans
# type: matrix
# rows: 9
# columns: 3
 81.97 81.816 0.2593994140625
 82.43299999999999 82.45400000000001 0.48828125
 82.46600000000001 82.45400000000001 0.732421875
 82.4325 82.45400000000001 0.9613037109375
 82.42400000000001 82.45400000000001 1.220703125
 82.765 82.45400000000001 1.678466796875
 83.2045 82.45400000000001 2.1514892578125
 94.1125 83.63000000000001 11.871337890625
 85.77500000000001 83.63000000000001 3.5858154296875


# name: vl0_5ms
# type: matrix
# rows: 1
# columns: 140
 80.82599999999999 80.348 82.577 82.624 82.325 82.477 82.63 82.73999999999999 82.48099999999999 82.226 82.41500000000001 82.33499999999999 82.402 82.536 82.489 82.36499999999999 82.491 82.333 82.56100000000001 82.633 82.483 82.381 82.35599999999999 82.15300000000001 82.458 82.437 83.151 82.319 82.48 82.58799999999999 82.477 82.229 82.745 82.654 82.741 82.288 82.352 82.489 82.486 81.68600000000001 82.583 82.34399999999999 82.464 82.30800000000001 82.544 82.91200000000001 82.79900000000001 82.33499999999999 82.904 82.375 82.32299999999999 82.501 82.361 82.33199999999999 82.294 82.499 82.26000000000001 82.417 82.616 82.994 82.40300000000001 82.396 82.298 82.351 82.57599999999999 82.03 82.575 82.39100000000001 82.273 82.36799999999999 82.119 82.849 82.465 82.327 82.312 82.447 82.431 82.42700000000001 82.27200000000001 82.396 82.45999999999999 82.47799999999999 82.23999999999999 82.684 82.208 82.377 82.325 82.536 82.239 82.371 82.256 82.678 82.267 82.28 82.242 82.413 82.66 82.354 82.52500000000001 82.245 82.455 82.443 82.181 82.495 82.26000000000001 82.009 82.654 81.95399999999999 82.581 82.32899999999999 82.39700000000001 82.542 82.18300000000001 82.395 83.053 82.496 82.143 82.925 82.506 82.571 82.60299999999999 82.699 82.75 82.502 82.39 82.783 82.435 82.36199999999999 82.274 82.35599999999999 82.479 82.559 82.488 82.492 82.82299999999999 82.467 82.593 82.557 82.102 82.23699999999999


# name: vl0_7ms
# type: matrix
# rows: 1
# columns: 132
 83.069 82.40300000000001 82.746 82.956 82.42700000000001 82.505 82.85899999999999 82.036 82.36 82.322 82.55500000000001 82.623 82.486 82.081 82.64100000000001 82.81 82.545 82.48999999999999 82.61799999999999 82.551 82.574 82.488 82.155 82.631 82.167 82.468 82.55200000000001 82.899 82.42700000000001 82.43300000000001 82.078 82.425 82.253 82.636 82.44799999999999 82.498 83.024 82.768 82.422 82.25 82.679 82.404 82.373 82.505 82.438 82.468 82.31999999999999 83.03 82.495 82.327 82.669 82.18000000000001 82.697 82.724 82.345 82.426 82.599 83.009 82.575 82.24299999999999 82.464 82.126 82.258 82.184 82.66 82.215 81.98699999999999 82.163 82.441 82.625 82.553 82.34099999999999 82.631 82.292 82.27800000000001 82.64100000000001 82.636 82.504 82.58799999999999 82.374 82.48 82.446 82.706 82.524 82.227 82.35299999999999 252.764 82.741 82.509 82.364 82.291 82.21299999999999 82.093 82.30200000000001 82.58499999999999 82.622 82.28400000000001 83.03400000000001 82.241 82.54000000000001 82.798 82.209 82.367 82.64400000000001 82.709 82.96899999999999 82.364 82.434 82.22499999999999 82.706 82.648 82.535 82.602 82.044 82.27500000000001 82.229 82.628 82.443 82.182 82.874 82.304 82.452 82.23099999999999 82.369 82.217 82.61499999999999 82.988 82.559 82.379 82.223 82.28400000000001 82.268


# name: vl11_9ms
# type: matrix
# rows: 1
# columns: 122
 94.018 94.392 94.59699999999999 94.511 94.077 94.072 94.139 94.178 94.244 94.02800000000001 94.128 94.04000000000001 93.955 94.31999999999999 94.063 94.532 94.22499999999999 94.06999999999999 94.255 94.26900000000001 94.167 94.15900000000001 94.069 93.965 93.914 94.012 94.31399999999999 94.151 94.15000000000001 95.087 94.471 94.01300000000001 93.93000000000001 94.345 94.20399999999999 94.03400000000001 93.90600000000001 93.834 94.134 94.08499999999999 94.07599999999999 94.301 94.032 94.29600000000001 94.02 93.89700000000001 93.875 94.023 94.03700000000001 94.336 94.209 94.19199999999999 94.181 94.14400000000001 93.92400000000001 94.375 94.113 94.026 93.90000000000001 377.833 94.208 93.98 94.249 94.22199999999999 94.533 94.357 93.986 94.21599999999999 94.14700000000001 94.059 94.214 94.2 94.05500000000001 94.312 94.20399999999999 94.09999999999999 94.048 94.04600000000001 94.82599999999999 94.04000000000001 93.83799999999999 94.459 94.425 94.10899999999999 94.09699999999999 94.31699999999999 94.08 93.889 94.089 94.163 93.889 93.98699999999999 93.95999999999999 94.274 93.895 93.992 94.101 94.11199999999999 94.169 94.08799999999999 94.417 94.36799999999999 94.172 93.90900000000001 94.16800000000001 94.241 94.224 94.146 93.889 94.161 94.056 94.651 93.822 94.211 93.98 94.077 94.069 93.813 94.017 93.982 94.765 93.82599999999999


