# Created by Octave 3.8.2, Tue Mar 22 09:38:24 2016 GMT <yy12135@salties>
# name: ans
# type: scalar
0.9721599779003287


# name: cc2538_sw_rnd100
# type: matrix
# rows: 100
# columns: 1
 1952
 1949
 1949
 1947
 1949
 1948
 1947
 1947
 1948
 1947
 1947
 1948
 1947
 1946
 1949
 1947
 1948
 1948
 1947
 1947
 1947
 1947
 1948
 1948
 1946
 1948
 1946
 1948
 1947
 1933
 1948
 1944
 1947
 1948
 1949
 1948
 1946
 1949
 1948
 1947
 1949
 1949
 1948
 1949
 1948
 1947
 1949
 1948
 1948
 1947
 1949
 1947
 1947
 1948
 1947
 1947
 1948
 1946
 1947
 1948
 1948
 1948
 1947
 1947
 1948
 1948
 1947
 1948
 1948
 1948
 1949
 1947
 1948
 1948
 1948
 1947
 1948
 1947
 1948
 1960
 1943
 1948
 1948
 1959
 1947
 1948
 1948
 1947
 1948
 1934
 1948
 1949
 1947
 1948
 1949
 1948
 1948
 1948
 1948
 1948


# name: cc2538_sw_rnd150
# type: matrix
# rows: 100
# columns: 1
 2900
 2914
 2914
 2913
 2915
 2914
 2914
 2914
 2914
 2914
 2914
 2914
 2913
 2914
 2914
 2915
 2913
 2912
 2912
 2914
 2910
 2913
 2915
 2913
 2914
 2913
 2913
 2913
 2914
 2913
 2913
 2913
 2914
 2915
 2914
 2913
 2914
 2913
 2914
 2915
 2913
 2913
 2913
 2912
 2913
 2912
 2915
 2913
 2915
 2914
 2914
 2915
 2914
 2914
 2912
 2914
 2917
 2914
 2915
 2913
 2899
 2913
 2913
 2913
 2914
 2915
 2912
 2910
 2914
 2913
 2914
 2913
 2914
 2914
 2913
 2912
 2913
 2914
 2911
 2913
 2916
 2912
 2913
 2913
 2914
 2912
 2914
 2913
 2914
 2914
 2911
 2913
 2914
 2914
 2916
 2912
 2913
 2915
 2913
 2914


# name: cc2538_sw_rnd200
# type: matrix
# rows: 100
# columns: 1
 3884
 3879
 3880
 3878
 3880
 3878
 3894
 3878
 3896
 3878
 3879
 3878
 3880
 3880
 3878
 3879
 3881
 3881
 3880
 3880
 3880
 3878
 3881
 3880
 3877
 3881
 3879
 3878
 3880
 3881
 3879
 3880
 3878
 3879
 3880
 3881
 3879
 3881
 3880
 3882
 3881
 3881
 3880
 3880
 3882
 3880
 3879
 3878
 3879
 3880
 3876
 3881
 3880
 3882
 3879
 3882
 3878
 3878
 3882
 3880
 3879
 3880
 3880
 3879
 3878
 3878
 3881
 3880
 3894
 3878
 3879
 3878
 3880
 3880
 3880
 3877
 3878
 3882
 3879
 3879
 3878
 3880
 3880
 3881
 3880
 3881
 3880
 3878
 3877
 3878
 3879
 3880
 3877
 3879
 3880
 3878
 3880
 3880
 3878
 3880


# name: cc2538_sw_rnd50
# type: matrix
# rows: 100
# columns: 1
 966
 982
 982
 981
 982
 981
 981
 982
 982
 981
 982
 981
 981
 982
 982
 980
 982
 982
 981
 982
 982
 981
 982
 983
 981
 981
 982
 981
 982
 981
 981
 982
 981
 981
 982
 983
 982
 981
 981
 980
 982
 982
 981
 982
 982
 982
 982
 981
 981
 981
 981
 981
 981
 982
 982
 981
 981
 981
 982
 982
 966
 982
 982
 982
 982
 981
 980
 982
 982
 980
 982
 981
 982
 982
 981
 982
 981
 982
 982
 981
 981
 981
 983
 982
 981
 982
 981
 981
 982
 994
 981
 981
 982
 981
 981
 982
 981
 982
 981
 981


# name: telosb_sw_fix200
# type: matrix
# rows: 100
# columns: 1
 18295
 18288
 18287
 18290
 18289
 18288
 18292
 18290
 18289
 18293
 18292
 18291
 18293
 18294
 18291
 18294
 18294
 18293
 18295
 18295
 18294
 18296
 18295
 18294
 18297
 18298
 18295
 18297
 18296
 18296
 18298
 18297
 18296
 18300
 18298
 18296
 18300
 18298
 18297
 18300
 18299
 18298
 18301
 18300
 18298
 18300
 18299
 18298
 18301
 18299
 18298
 18301
 18300
 18299
 18301
 18300
 18299
 18302
 18301
 18298
 18302
 18300
 18299
 18302
 18300
 18300
 18302
 18301
 18300
 18302
 18301
 18300
 18302
 18301
 18300
 18303
 18302
 18301
 18304
 18303
 18301
 18303
 18302
 18301
 18304
 18302
 18301
 18303
 18302
 18300
 18303
 18303
 18301
 18358
 18303
 18300
 18303
 18302
 18301
 18304


# name: telosb_sw_rnd100
# type: matrix
# rows: 100
# columns: 1
 9192
 9154
 9152
 9153
 9155
 9151
 9157
 9154
 9152
 9157
 9153
 9152
 9154
 9153
 9151
 9156
 9154
 9153
 9157
 9155
 9154
 9155
 9157
 9155
 9156
 9146
 9154
 9157
 9154
 9155
 9157
 9156
 9155
 9157
 9158
 9154
 9156
 9154
 9155
 9159
 9156
 9155
 9157
 9156
 9155
 9159
 9157
 9156
 9155
 9156
 9153
 9155
 9155
 9152
 9157
 9156
 9154
 9158
 9154
 9151
 9159
 9154
 9153
 9157
 9155
 9155
 9158
 9155
 9155
 9158
 9156
 9156
 9159
 9157
 9153
 9157
 9156
 9156
 9160
 9157
 9154
 9158
 9158
 9156
 9159
 9146
 9154
 9158
 9158
 9156
 9125
 9125
 9123
 9127
 9126
 9124
 9126
 9122
 9125
 9126


# name: telosb_sw_rnd150
# type: matrix
# rows: 100
# columns: 1
 13771
 13732
 13730
 13735
 13733
 13731
 13736
 13731
 13734
 13735
 13735
 13731
 13738
 13736
 13734
 13736
 13738
 13734
 13739
 13737
 13735
 13740
 13737
 13736
 13737
 13721
 13736
 13741
 13736
 13736
 13738
 13738
 13736
 13737
 13736
 13738
 13743
 13740
 13737
 13738
 13739
 13739
 13742
 13738
 13737
 13737
 13739
 13735
 13739
 13740
 13737
 13740
 13738
 13735
 13739
 13737
 13737
 13740
 13738
 13736
 13738
 13737
 13737
 13738
 13736
 13737
 13738
 13737
 13735
 13736
 13733
 13734
 13738
 13736
 13734
 13737
 13736
 13732
 13735
 13736
 13732
 13734
 13735
 13733
 13736
 13718
 13734
 13733
 13734
 13731
 13736
 13735
 13733
 13735
 13736
 13735
 13735
 13736
 13733
 13735


# name: telosb_sw_rnd200
# type: matrix
# rows: 100
# columns: 1
 18332
 18287
 18286
 18290
 18290
 18289
 18293
 18294
 18290
 18292
 18292
 18291
 18293
 18294
 18325
 18297
 18295
 18296
 18297
 18298
 18295
 18298
 18297
 18296
 18299
 18299
 18296
 18298
 18298
 18298
 18302
 18298
 18298
 18297
 18300
 18299
 18302
 18301
 18299
 18303
 18302
 18300
 18306
 18302
 18303
 18305
 18302
 18304
 18305
 18302
 18301
 18307
 18338
 18305
 18307
 18307
 18308
 18310
 18310
 18307
 18310
 18311
 18308
 18311
 18311
 18306
 18311
 18312
 18319
 18311
 18309
 18309
 18313
 18314
 18312
 18312
 18311
 18314
 18315
 18311
 18310
 18317
 18315
 18312
 18314
 18312
 18315
 18312
 18313
 18309
 18249
 18244
 18245
 18250
 18248
 18247
 18250
 18278
 18246
 18251


# name: telosb_sw_rnd50
# type: matrix
# rows: 100
# columns: 1
 4599
 4564
 4563
 4566
 4566
 4564
 4567
 4566
 4564
 4566
 4566
 4565
 4571
 4566
 4564
 4567
 4566
 4565
 4567
 4566
 4566
 4567
 4566
 4571
 4572
 4565
 4566
 4572
 4571
 4571
 4574
 4572
 4571
 4572
 4572
 4571
 4574
 4573
 4572
 4575
 4574
 4571
 4575
 4573
 4572
 4574
 4573
 4572
 4574
 4572
 4572
 4576
 4574
 4571
 4576
 4573
 4573
 4575
 4575
 4574
 4555
 4555
 4554
 4556
 4557
 4553
 4557
 4555
 4553
 4556
 4556
 4555
 4558
 4556
 4556
 4557
 4557
 4556
 4558
 4557
 4555
 4558
 4557
 4556
 4558
 4555
 4557
 4560
 4559
 4558
 4559
 4559
 4557
 4559
 4558
 4557
 4560
 4558
 4557
 4560


# name: x
# type: matrix
# rows: 1
# columns: 4
 50 100 150 200


# name: y
# type: matrix
# rows: 1
# columns: 4
 4565 9152.58 13736.13 18298.92


