# Created by Octave 3.8.2, Wed Mar 30 22:54:13 2016 BST <yy12135@salties>
# name: ans
# type: scalar
0.5362971362123519


# name: cc2538_sw_rnd100
# type: matrix
# rows: 100
# columns: 1
 1961
 1960
 1960
 1959
 1960
 1960
 1959
 1960
 1958
 1961
 1960
 1961
 1960
 1959
 1963
 1961
 1961
 1960
 1961
 1960
 1960
 1960
 1960
 1960
 1960
 1961
 1960
 1960
 1960
 1959
 1961
 1961
 1960
 1959
 1960
 1959
 1960
 1961
 1959
 1960
 1959
 1961
 1958
 1959
 1959
 1961
 1961
 1960
 1959
 1960
 1960
 1960
 1961
 1960
 1961
 1961
 1960
 1960
 1960
 1960
 1961
 1959
 1960
 1960
 1961
 1959
 1960
 1960
 1960
 1961
 1959
 1959
 1962
 1959
 1961
 1959
 1961
 1961
 1960
 1960
 1959
 1961
 1960
 1960
 1960
 1961
 1961
 1960
 1959
 1960
 1960
 1961
 1960
 1959
 1959
 1960
 1960
 1959
 1960
 1958


# name: cc2538_sw_rnd150
# type: matrix
# rows: 100
# columns: 1
 2940
 2941
 2940
 2939
 2939
 2939
 2940
 2942
 2941
 2941
 2938
 2939
 2941
 2940
 2942
 2940
 2939
 2938
 2938
 2940
 2938
 2940
 2941
 2941
 2942
 2939
 2941
 2939
 2939
 2940
 2939
 2938
 2941
 2941
 2941
 2943
 2938
 2940
 2942
 2942
 2940
 2942
 2940
 2940
 2939
 2942
 2940
 2940
 2942
 2938
 2942
 2940
 2941
 2940
 2940
 2940
 2941
 2941
 2942
 2940
 2939
 2940
 2939
 2941
 2940
 2940
 2939
 2941
 2940
 2940
 2941
 2940
 2940
 2940
 2938
 2940
 2939
 2941
 2942
 2940
 2940
 2941
 2941
 2940
 2943
 2940
 2942
 2941
 2940
 2942
 2939
 2940
 2939
 2939
 2941
 2942
 2940
 2939
 2941
 2940


# name: cc2538_sw_rnd200
# type: matrix
# rows: 100
# columns: 1
 3738
 3736
 3738
 3737
 3736
 3738
 3753
 3734
 3736
 3749
 3753
 3753
 3749
 3753
 3735
 3752
 3751
 3748
 3750
 3752
 3735
 3750
 3749
 3750
 3753
 3751
 3750
 3751
 3750
 3736
 3736
 3751
 3751
 3750
 3751
 3736
 3751
 3750
 3749
 3751
 3750
 3734
 3751
 3750
 3749
 3751
 3749
 3751
 3749
 3753
 3751
 3736
 3751
 3750
 3750
 3751
 3751
 3750
 3751
 3752
 3736
 3749
 3749
 3749
 3749
 3749
 3750
 3749
 3749
 3751
 3749
 3751
 3751
 3750
 3751
 3749
 3751
 3751
 3750
 3736
 3735
 3750
 3734
 3749
 3750
 3749
 3750
 3752
 3751
 3752
 3749
 3751
 3751
 3749
 3750
 3751
 3751
 3750
 3749
 3750


# name: cc2538_sw_rnd50
# type: matrix
# rows: 100
# columns: 1
 980
 980
 980
 980
 980
 980
 980
 980
 980
 980
 980
 980
 981
 981
 979
 980
 980
 980
 979
 981
 981
 980
 981
 980
 980
 981
 981
 979
 979
 980
 980
 980
 979
 981
 980
 980
 980
 979
 981
 980
 980
 980
 980
 981
 980
 980
 980
 979
 980
 980
 980
 979
 980
 981
 980
 980
 980
 981
 980
 980
 979
 980
 980
 980
 979
 980
 980
 980
 979
 979
 980
 980
 980
 979
 980
 980
 980
 979
 979
 980
 981
 980
 980
 980
 980
 980
 980
 979
 980
 980
 980
 981
 979
 980
 980
 980
 980
 979
 980
 980


# name: tvla_cc2538_sw_fix
# type: matrix
# rows: 100
# columns: 1
 3737
 3751
 3752
 3737
 3737
 3752
 3737
 3751
 3752
 3749
 3751
 3751
 3751
 3749
 3736
 3751
 3749
 3752
 3736
 3751
 3752
 3751
 3750
 3749
 3751
 3750
 3751
 3751
 3748
 3751
 3751
 3748
 3753
 3751
 3754
 3751
 3736
 3751
 3750
 3751
 3751
 3749
 3751
 3749
 3751
 3752
 3751
 3749
 3749
 3749
 3752
 3749
 3734
 3750
 3751
 3753
 3749
 3749
 3751
 3750
 3751
 3750
 3751
 3751
 3748
 3750
 3751
 3750
 3752
 3750
 3751
 3749
 3749
 3753
 3750
 3752
 3751
 3749
 3751
 3751
 3753
 3750
 3749
 3749
 3749
 3751
 3752
 3749
 3749
 3751
 3751
 3752
 3749
 3751
 3749
 3751
 3751
 3749
 3749
 3749


# name: tvla_cc2538_sw_rnd
# type: matrix
# rows: 100
# columns: 1
 3737
 3737
 3738
 3752
 3737
 3736
 3752
 3738
 3734
 3750
 3750
 3750
 3751
 3751
 3735
 3748
 3733
 3736
 3751
 3751
 3752
 3751
 3734
 3751
 3751
 3749
 3736
 3751
 3734
 3749
 3751
 3751
 3736
 3752
 3748
 3749
 3750
 3749
 3736
 3750
 3752
 3749
 3751
 3735
 3751
 3752
 3750
 3750
 3735
 3750
 3735
 3750
 3750
 3750
 3752
 3752
 3752
 3750
 3750
 3750
 3751
 3750
 3750
 3750
 3752
 3752
 3751
 3750
 3751
 3750
 3751
 3752
 3735
 3748
 3750
 3750
 3752
 3750
 3749
 3735
 3750
 3750
 3734
 3752
 3752
 3750
 3750
 3736
 3752
 3750
 3750
 3752
 3751
 3748
 3735
 3754
 3752
 3750
 3750
 3750


