# Created by Octave 3.8.2, Thu Mar 31 16:27:23 2016 BST <yy12135@salties>
# name: ans
# type: scalar
633


# name: telosb_hw_rnd100
# type: matrix
# rows: 100
# columns: 1
 1268
 1270
 1268
 1268
 1269
 1268
 1268
 1270
 1269
 1268
 1269
 1268
 1267
 1269
 1268
 1268
 1269
 1268
 1268
 1270
 1268
 1267
 1269
 1268
 1268
 1270
 1268
 1268
 1269
 1268
 1268
 1270
 1268
 1268
 1269
 1269
 1268
 1269
 1268
 1268
 1270
 1268
 1268
 1269
 1268
 1268
 1270
 1268
 1268
 1270
 1268
 1268
 1270
 1268
 1268
 1269
 1268
 1268
 1270
 1268
 1268
 1269
 1268
 1268
 1270
 1268
 1268
 1269
 1268
 1268
 1270
 1268
 1268
 1269
 1268
 1268
 1270
 1268
 1268
 1269
 1268
 1268
 1269
 1267
 1268
 1270
 1267
 1268
 1269
 1268
 1268
 1270
 1268
 1268
 1270
 1267
 1268
 1269
 1268
 1268


# name: telosb_hw_rnd150
# type: matrix
# rows: 100
# columns: 1
 1901
 1903
 1901
 1901
 1902
 1901
 1901
 1903
 1901
 1900
 1902
 1901
 1901
 1902
 1901
 1900
 1902
 1901
 1900
 1902
 1901
 1900
 1902
 1900
 1900
 1902
 1901
 1901
 1902
 1900
 1900
 1902
 1901
 1901
 1902
 1901
 1901
 1902
 1901
 1900
 1902
 1901
 1900
 1903
 1901
 1901
 1902
 1901
 1900
 1903
 1900
 1901
 1903
 1901
 1900
 1902
 1901
 1900
 1903
 1901
 1901
 1902
 1901
 1900
 1903
 1902
 1901
 1902
 1901
 1900
 1903
 1900
 1901
 1903
 1900
 1900
 1903
 1900
 1900
 1902
 1901
 1900
 1902
 1901
 1901
 1914
 1900
 1900
 1902
 1901
 1901
 1903
 1901
 1901
 1903
 1900
 1900
 1902
 1901
 1900


# name: telosb_hw_rnd200
# type: matrix
# rows: 100
# columns: 1
 2562
 2566
 2565
 2563
 2566
 2564
 2563
 2566
 2565
 2564
 2566
 2565
 2564
 2566
 2565
 2564
 2567
 2565
 2563
 2565
 2564
 2564
 2566
 2564
 2563
 2541
 2565
 2563
 2566
 2565
 2563
 2566
 2565
 2563
 2565
 2563
 2563
 2565
 2564
 2563
 2565
 2563
 2562
 2565
 2564
 2563
 2565
 2563
 2562
 2565
 2564
 2563
 2565
 2564
 2563
 2565
 2564
 2561
 2565
 2564
 2563
 2566
 2563
 2562
 2565
 2564
 2562
 2564
 2564
 2562
 2565
 2563
 2562
 2565
 2562
 2562
 2565
 2563
 2561
 2565
 2563
 2562
 2564
 2562
 2562
 2538
 2562
 2562
 2564
 2563
 2562
 2565
 2563
 2562
 2565
 2563
 2562
 2563
 2562
 2561


# name: telosb_hw_rnd50
# type: matrix
# rows: 100
# columns: 1
 633
 633
 633
 633
 633
 633
 633
 634
 633
 633
 633
 633
 633
 633
 633
 633
 634
 633
 632
 633
 633
 633
 634
 633
 633
 634
 633
 633
 634
 633
 633
 633
 633
 633
 633
 632
 633
 633
 633
 633
 633
 633
 633
 633
 633
 633
 634
 633
 633
 633
 633
 633
 634
 633
 633
 633
 633
 633
 634
 633
 633
 634
 633
 633
 634
 633
 632
 633
 633
 633
 633
 633
 633
 633
 632
 633
 633
 633
 633
 633
 633
 633
 633
 632
 633
 633
 632
 632
 633
 632
 633
 633
 633
 633
 633
 632
 633
 633
 633
 632


