# Created by Octave 3.8.2, Sat Apr 09 13:17:50 2016 BST <yy12135@salties>
# name: D
# type: matrix
# rows: 1
# columns: 4
 81.291 81.378 0.579833984375 0.6668339843750033


# name: E
# type: matrix
# rows: 10
# columns: 1
 0.6668339843750033
 1.256409179687509
 1.518501953124996
 1.479818359375003
 1.42515234375
 1.494787109375025
 1.504180664062517
 1.521574218750018
 1.495208984375026
 1.52036132812502


# name: ETA
# type: scalar
-0.0870000000000033


# name: TA
# type: matrix
# rows: 10
# columns: 1
 0.579833984375
 1.1444091796875
 1.739501953125
 2.288818359375
 2.86865234375
 5.706787109375
 8.5601806640625
 11.41357421875
 14.251708984375
 17.120361328125


# name: TP
# type: matrix
# rows: 10
# columns: 1
 81.378
 81.378
 81.378
 81.378
 81.378
 82.55400000000002
 82.55400000000002
 82.55400000000002
 82.55400000000002
 82.55400000000002


# name: TR
# type: matrix
# rows: 10
# columns: 1
 81.291
 81.26599999999999
 81.599
 82.187
 82.8215
 86.76599999999999
 89.61
 92.446
 95.31049999999999
 98.154


# name: ans
# type: scalar
81.291


# name: vl0_8ms
# type: matrix
# rows: 1
# columns: 46
 81.35899999999999 81.29600000000001 81.36499999999999 81.157 81.41 81.051 81.84699999999999 81.40900000000001 81.773 81.377 81.13500000000001 81.041 81.167 81.48 81.229 81.352 81.851 81.52200000000001 81.372 80.8 81.17 81.25700000000001 81.161 78.009 81.286 81.122 81.15000000000001 81.238 81.41500000000001 80.941 79.104 81.639 82.64700000000001 81.236 81.36199999999999 81.208 80.99299999999999 81.95 81.08 81.432 81.44499999999999 81.009 81.68300000000001 81.146 81.456 81.306


# name: vl11_4ms
# type: matrix
# rows: 1
# columns: 50
 92.18600000000001 92.31 92.36199999999999 93.029 92.655 92.84 92.44499999999999 92.489 92.271 92.53100000000001 92.196 92.739 92.193 92.345 92.357 92.331 93.03 92.30200000000001 92.47499999999999 92.58499999999999 92.313 93.009 92.562 92.369 92.333 92.503 92.768 92.535 92.492 92.325 92.364 92.398 92.48999999999999 377.397 92.31100000000001 92.59 92.447 92.221 92.316 92.22199999999999 92.26600000000001 92.46299999999999 92.387 92.285 92.67400000000001 92.88800000000001 92.982 92.48 92.608 92.438


# name: vl14_3ms
# type: matrix
# rows: 1
# columns: 54
 95.39 95.294 95.432 94.991 95.395 95.181 95.13800000000001 95.279 95.351 95.43600000000001 95.465 95.196 95.29000000000001 95.23399999999999 95.02500000000001 95.45399999999999 95.252 95.301 94.611 95.09 95.276 95.354 95.447 95.30500000000001 95.17 95.38500000000001 95.21299999999999 95.40900000000001 95.447 95.378 95.312 95.191 95.345 94.93300000000001 95.43300000000001 95.27200000000001 95.495 96.255 95.40300000000001 95.309 95.08499999999999 95.259 95.18300000000001 95.44199999999999 95.27800000000001 95.196 95.402 95.279 95.45999999999999 95.48399999999999 95.521 95.318 95.93899999999999 95.75


# name: vl17_1ms
# type: matrix
# rows: 1
# columns: 59
 98.226 98.154 98.08799999999999 98.36499999999999 98.255 98.59 98.39 98.03 98.54600000000001 98.351 98.258 98.155 97.988 98.184 98.26900000000001 98.38800000000001 98.075 97.961 98.38200000000001 98.044 97.877 98.12 98.63500000000001 97.935 98.143 98.029 98.11499999999999 98.053 98.105 98.10899999999999 98.324 98.277 98.304 97.953 98.2 98.038 98.3 98.554 98.127 98.248 97.854 98.07299999999999 97.848 97.959 97.877 98.304 97.907 98.244 98.002 98.21899999999999 98.04300000000001 98.25 98.10899999999999 98.752 98.751 98.408 98.405 98.148 98.07899999999999


# name: vl1_1ms
# type: matrix
# rows: 1
# columns: 70
 80.313 80.44 80.26300000000001 81.221 81.36499999999999 81.22199999999999 81.706 81.04300000000001 81.28 81.651 79.861 81.401 81.042 80.23999999999999 81.20399999999999 81.152 79.878 80.203 80.136 81.374 81.405 80.794 81.40300000000001 81.312 80.414 81.803 81.286 81.039 81.17700000000001 81.43899999999999 81.44499999999999 81.65600000000001 81.288 81.51600000000001 81.38 81.14400000000001 81.31999999999999 81.22799999999999 81.12 82.15900000000001 81.264 81.182 82.166 81.248 81.381 81.182 81.434 81.128 81.378 81.301 81.23 81.26000000000001 82.68600000000001 81.22199999999999 81.333 81.119 81.30200000000001 81.22799999999999 81.268 71.01000000000001 81.45099999999999 81.279 81.313 81.55500000000001 81.23399999999999 80.07599999999999 81.315 86.10299999999999 82.315 79.69499999999999


# name: vl1_7ms
# type: matrix
# rows: 1
# columns: 41
 80.07899999999999 80.148 80.086 81.459 81.584 81.648 81.628 82.086 81.84699999999999 81.846 81.261 81.384 81.84 80.42 81.587 81.693 81.464 81.309 81.599 82.041 81.754 81.495 81.556 81.572 81.511 81.73999999999999 81.476 82.154 81.607 81.639 81.63800000000001 81.57299999999999 79.107 81.565 81.95399999999999 81.73399999999999 81.637 82.03700000000001 81.95699999999999 81.486 81.60299999999999


# name: vl2_3ms
# type: matrix
# rows: 1
# columns: 55
 82.05200000000001 81.944 82.294 82.46599999999999 82.17 82.215 80.812 77.539 80.178 82.179 82.59699999999999 82.562 82.121 82.328 82.239 81.136 82.27 82.413 82.072 82.17 82.268 82.268 82.444 82.462 82.184 82.47499999999999 82.166 82.324 82.157 82.417 82.383 82.10899999999999 82.148 82.241 82.187 82.143 82.78100000000001 81.965 81.04000000000001 82.249 82.119 82.218 81.877 82.137 82.89400000000001 82.879 82.721 82.047 82.458 81.932 82.319 81.932 81.533 82.378 82.14100000000001


# name: vl2_9ms
# type: matrix
# rows: 1
# columns: 28
 83.199 82.736 82.869 82.827 82.599 82.907 83.05 82.86799999999999 82.492 82.43300000000001 82.715 83.22 82.488 82.879 82.998 82.88800000000001 82.91 82.654 82.577 82.925 82.51900000000001 82.858 82.816 82.709 82.696 82.64 82.72 83.08499999999999


# name: vl5_7ms
# type: matrix
# rows: 1
# columns: 48
 86.785 86.688 86.756 86.79900000000001 86.72499999999999 87.059 86.70999999999999 86.895 86.59999999999999 86.845 87.06999999999999 86.57599999999999 86.871 86.93300000000001 86.691 86.91 87.557 86.54300000000001 87.002 86.79300000000001 86.786 86.843 86.55800000000001 87.143 86.678 86.634 86.69799999999999 86.812 86.78 86.678 86.648 86.82599999999999 86.61 86.571 86.661 86.697 378.404 86.776 86.858 86.747 86.756 86.73399999999999 87.289 86.64400000000001 86.59 86.63800000000001 87.477 86.788


# name: vl8_6ms
# type: matrix
# rows: 1
# columns: 53
 89.804 89.595 89.81999999999999 89.803 89.462 89.751 89.346 89.483 89.794 90.003 89.57599999999999 89.66500000000001 89.87 90.045 89.375 89.471 89.425 89.40600000000001 89.71599999999999 89.587 89.765 89.626 89.67400000000001 89.758 89.977 89.35299999999999 89.514 89.839 379.101 89.645 89.60899999999999 89.73999999999999 89.523 89.51900000000001 89.63500000000001 89.61 89.432 89.539 89.863 89.61799999999999 89.545 89.80800000000001 89.879 89.59 89.31999999999999 89.54600000000001 89.47199999999999 89.45 89.508 89.59 89.414 89.65900000000001 89.616


