# Created by Octave 3.8.2, Thu Mar 17 18:46:58 2016 GMT <yy12135@salties>
# name: helloworld
# type: matrix
# rows: 1
# columns: 1705
 10.372 10.392 10.534 10.395 10.265 10.549 251.763 10.383 10.816 10.276 10.335 10.31 10.308 10.402 10.448 10.384 10.406 10.327 10.815 10.781 10.347 10.856 10.813 10.323 10.445 10.325 10.358 10.436 10.602 10.92 10.438 10.036 10.437 10.421 10.233 10.463 10.381 10.339 10.315 10.451 10.5 10.319 10.4 254.456 10.374 10.422 10.345 10.232 10.381 10.329 10.34 10.401 10.409 10.493 10.257 10.388 10.405 10.375 10.287 10.467 10.219 10.564 253.011 10.526 10.406 10.525 10.241 10.218 10.464 10.374 10.346 10.332 10.269 10.7 10.271 10.23 10.344 10.326 10.393 10.509 10.487 10.213 10.134 10.166 10.342 10.374 10.455 10.422 10.387 10.605 10.13 10.418 10.97 10.371 10.379 10.415 10.495 10.388 10.303 10.358 10.402 252.299 10.307 10.33 10.696 10.313 10.348 10.364 10.41 10.317 10.401 10.309 10.402 10.334 10.454 10.38 10.292 10.248 10.473 10.445 10.407 10.374 10.307 252.224 10.18 10.434 10.38 10.288 10.445 10.225 252.44 10.384 10.468 10.202 10.449 10.268 10.32 10.176 10.443 10.359 252.134 10.352 10.849 10.356 10.919 10.458 10.431 10.31 10.176 10.324 10.477 10.256 10.103 10.939 10.727 10.827 10.129 10.393 10.202 10.226 10.379 10.468 10.757 10.37 10.504 10.372 10.481 10.416 251.772 10.46 10.374 253.611 10.339 10.906 10.447 10.345 253.579 10.834 10.365 10.423 10.25 255.192 10.19 11.012 10.552 10.569 10.145 254.957 10.354 10.187 252.462 10.403 10.404 10.39 10.863 10.421 10.3 10.385 10.414 10.88 10.581 10.291 10.37 253.364 10.247 10.371 10.743 10.706 10.637 10.325 10.354 10.741 10.368 10.554 10.291 10.252 253.398 10.379 10.364 10.401 10.238 10.471 10.328 10.538 10.229 10.393 10.29 10.484 10.321 10.26 10.339 10.467 253.98 10.387 10.492 10.263 10.85 10.298 10.253 10.108 10.324 10.52 10.428 10.317 10.313 10.328 10.555 10.437 10.356 10.429 10.245 10.227 10.528 10.445 10.483 10.258 10.646 10.304 10.441 10.307 10.891 10.299 10.321 10.337 10.403 10.708 10.204 10.572 10.172 10.441 10.424 10.442 10.462 10.355 10.514 39.643 10.507 10.165 10.78 10.761 10.31 10.31 10.394 10.306 10.291 10.407 10.279 10.599 10.273 10.266 10.29 10.221 10.209 10.299 10.398 12.934 10.339 10.401 10.369 10.193 10.491 10.293 10.377 10.762 10.367 10.432 10.314 251.878 10.508 10.282 254.641 10.291 10.173 10.295 124.835 10.554 251.245 10.135 10.056 10.373 11.224 10.3 10.145 10.417 10.242 252.076 10.364 10.742 10.37 10.363 10.339 10.876 10.189 10.14 380.168 10.166 10.42 10.296 10.462 10.28 10.258 10.398 254.931 256.03 10.431 10.351 10.424 10.241 10.367 10.307 10.765 252.82 10.288 10.322 10.365 10.475 10.293 10.43 10.437 10.271 10.354 10.453 10.385 10.051 10.487 10.357 10.931 10.414 10.402 10.198 10.609 10.394 10.566 10.287 10.446 10.345 10.48 10.841 10.442 10.439 10.437 254.59 10.533 10.255 10.414 10.408 10.349 10.161 10.297 10.464 10.482 10.433 10.292 10.343 10.251 10.5 9.933 10.422 127.474 10.958 10.396 10.868 10.484 10.91 10.762 10.28 10.338 10.352 10.269 10.336 10.463 10.353 10.827 10.226 10.354 10.521 10.447 10.324 503.828 10.556 10.51 10.293 10.39 10.331 10.499 10.467 10.275 10.29 10.44 10.851 10.273 254.711 10.468 10.545 10.36 10.365 10.556 10.275 10.439 10.413 10.43 10.365 10.743 10.449 10.416 10.321 10.427 250.762 10.411 880.699 10.392 10.183 10.218 10.408 10.396 10.096 10.51 10.599 10.163 10.313 10.272 10.729 10.531 10.471 10.241 10.394 252.425 10.381 10.287 10.888 10.053 10.072 10.417 236.761 10.338 10.516 10.322 10.865 10.477 10.614 10.353 10.421 10.458 10.466 10.334 10.454 10.375 10.884 10.452 10.272 10.335 10.659 10.837 10.178 10.319 10.197 10.507 10.324 10.436 10.114 10.622 10.403 10.264 10.428 10.442 10.437 10.929 250.718 10.343 10.118 10.328 10.43 250.993 10.196 10.235 10.36 10.374 10.438 10.544 10.228 10.797 10.286 10.539 10.093 255.947 10.325 10.334 10.231 10.453 10.325 10.504 10.315 10.398 10.402 10.477 10.41 10.387 10.438 10.19 10.15 10.323 10.583 10.336 10.218 10.269 10.806 10.423 10.466 10.918 10.875 10.566 10.163 10.453 10.205 10.334 10.38 10.161 10.361 10.8 10.443 10.36 10.175 10.425 10.479 10.364 10.24 10.351 10.4 10.65 10.843 10.543 10.201 10.347 10.285 10.416 10.52 10.251 10.366 10.418 10.154 10.535 10.231 10.7 10.477 10.291 10.409 135.685 10.228 254.738 10.381 10.652 10.951 10.514 10.176 10.911 10.416 10.295 10.491 10.275 10.44 10.691 10.479 10.351 10.267 10.38 10.279 10.331 10.257 10.237 10.3 10.34 10.472 10.449 10.334 10.09 10.288 10.368 10.16 10.237 10.413 10.313 10.381 10.442 10.405 10.416 10.321 10.17 10.346 10.479 10.309 10.328 10.557 10.442 10.473 10.652 10.647 10.396 253.127 10.401 255.11 10.438 10.16 10.634 10.335 10.81 10.215 10.145 10.73 10.491 254.48 10.187 10.6 253.565 10.346 10.447 10.285 9.973000000000001 10.252 10.401 10.909 11.029 10.287 127.115 10.345 10.317 10.422 252.746 10.5 10.459 255.338 10.354 10.353 10.328 10.226 10.358 10.247 10.667 10.225 10.37 10.039 10.46 10.328 10.706 10.374 10.447 10.242 10.418 10.861 10.292 10.514 10.381 10.765 10.958 10.654 10.428 10.547 10.674 10.354 10.963 10.275 10.316 10.174 10.223 10.179 10.085 10.328 10.326 10.369 10.19 10.314 10.472 10.443 11.017 10.216 10.118 10.541 10.353 10.395 10.456 10.787 10.415 10.38 255.094 10.421 10.437 10.403 10.258 10.476 10.164 10.385 10.29 10.447 10.36 10.221 10.165 10.498 255.835 10.284 10.748 10.831 10.412 10.875 10.355 251.611 10.441 10.32 10.454 10.865 10.215 10.36 10.227 254.629 10.179 10.262 10.221 10.147 10.778 10.464 10.447 10.233 10.35 10.515 10.243 10.526 10.254 10.51 10.481 10.233 10.264 10.42 10.324 10.309 10.317 10.266 10.364 10.331 10.274 10.32 10.298 10.344 253.401 10.76 10.368 10.355 10.332 10.44 10.386 10.399 10.849 10.233 252.126 10.425 10.395 10.532 10.933 10.276 10.392 10.344 10.462 10.268 10.282 10.294 10.122 10.253 10.301 10.055 10.315 10.601 10.169 10.355 10.464 10.864 10.509 10.114 10.888 10.449 10.457 10.14 10.473 10.354 10.404 10.07 10.375 10.751 10.422 10.282 10.316 10.339 10.272 10.329 10.356 10.736 10.338 10.307 10.31 10.291 10.415 10.417 10.657 10.202 0.9 10.457 255.275 10.355 10.408 0.756 10.756 10.21 10.51 10.279 10.411 10.5 253.753 10.39 10.309 10.108 10.816 10.019 10.546 10.417 10.271 10.741 10.388 10.428 10.408 10.285 10.247 10.372 10.32 10.359 10.365 255.657 10.268 10.144 10.423 10.267 10.462 10.245 10.458 10.395 10.998 10.34 254.746 10.432 10.552 10.36 10.474 10.236 10.467 10.703 10.154 10.505 10.36 10.348 10.408 10.503 10.388 10.35 10.964 10.386 10.354 10.344 252.477 10.329 10.264 10.872 10.221 10.423 10.373 10.436 10.154 251.632 10.386 10.494 10.504 10.372 10.385 10.466 10.796 252.197 10.257 10.261 10.299 10.453 10.42 10.44 10.328 10.266 10.817 10.319 10.315 10.416 252.519 10.364 10.262 10.355 10.392 10.371 10.435 10.339 10.494 10.857 10.413 10.459 10.824 10.295 10.39 10.36 10.252 10.426 10.488 10.396 10.436 10.377 10.418 10.1 10.463 10.752 10.299 10.431 10.377 10.424 10.699 10.353 10.749 10.477 10.758 10.384 10.456 10.568 10.793 10.439 10.34 10.989 10.301 10.513 10.979 10.706 10.353 10.818 10.446 10.239 10.171 10.387 10.377 10.397 10.35 10.207 10.331 10.503 10.345 10.125 10.209 10.354 10.323 10.409 10.374 10.438 10.156 10.338 10.363 10.276 10.32 10.909 10.489 10.376 10.589 10.209 10.324 10.399 10.362 10.367 10.355 10.421 10.307 10.36 10.795 10.369 10.393 10.247 10.286 10.341 0.422 10.378 10.278 10.371 10.304 0.538 10.125 10.489 10.368 10.338 0.325 10.344 10.463 10.456 10.29 10.219 10.456 10.353 10.382 10.403 10.289 10.354 10.802 10.361 10.739 10.13 10.051 10.408 10.187 10.483 10.325 10.355 10.372 10.159 10.385 10.181 10.454 10.238 10.432 10.293 10.391 10.268 10.804 10.281 10.458 10.215 10.289 10.276 10.416 10.395 10.791 10.413 10.309 10.222 10.582 10.317 10.606 10.312 10.411 10.439 10.47 10.299 10.324 10.408 10.329 10.381 10.252 10.432 10.446 10.782 10.363 10.354 10.251 10.77 10.461 10.229 10.444 10.374 10.364 10.474 10.224 10.337 10.316 10.396 10.379 10.441 10.33 10.402 10.292 10.241 10.293 10.895 10.329 10.811 10.783 10.244 10.261 10.416 10.376 10.852 10.158 10.447 10.261 10.253 10.356 10.342 10.485 10.366 10.374 10.461 10.455 10.436 