# Created by Octave 3.8.2, Mon Nov 23 17:11:41 2015 GMT <yy12135@salties>
# name: add10k1
# type: matrix
# rows: 1174
# columns: 1
 24
 20
 264
 20
 268
 20
 250
 267
 20
 21
 19
 24
 25
 25
 264
 24
 264
 160
 268
 24
 24
 19
 15
 23
 19
 24
 267
 22
 268
 268
 24
 264
 24
 20
 268
 20
 264
 21
 25
 25
 152
 264
 25
 24
 268
 21
 264
 264
 25
 251
 52
 124
 64
 127
 56
 113
 90
 72
 56
 156
 37
 126
 43
 80
 55
 119
 120
 27
 20
 19
 268
 264
 20
 25
 25
 268
 268
 22
 21
 264
 20
 191
 83
 41
 127
 68
 58
 16
 20
 75
 50
 20
 25
 19
 45
 25
 50
 159
 268
 158
 24
 264
 160
 265
 158
 264
 262
 20
 25
 264
 24
 20
 107
 193
 402
 44
 64
 21
 22
 264
 21
 25
 264
 267
 161
 24
 19
 184
 22
 264
 20
 25
 25
 19
 264
 20
 264
 20
 25
 138
 32
 24
 265
 20
 21
 267
 19
 24
 95
 88
 44
 98
 40
 48
 242
 264
 24
 25
 264
 24
 23
 20
 268
 159
 25
 19
 265
 25
 19
 143
 109
 267
 24
 25
 264
 157
 20
 73
 81
 113
 59
 25
 264
 264
 24
 25
 268
 268
 25
 264
 24
 69
 75
 130
 105
 182
 201
 272
 23
 264
 264
 157
 21
 20
 25
 34
 26
 20
 51
 65
 24
 390
 268
 25
 27
 202
 116
 119
 49
 124
 92
 71
 114
 64
 16
 20
 27
 15
 26
 26
 52
 176
 268
 24
 264
 163
 21
 496
 112
 60
 127
 121
 64
 106
 66
 56
 231
 146
 114
 37
 122
 31
 63
 170
 58
 295
 127
 356
 112
 106
 89
 83
 39
 59
 69
 35
 66
 75
 27
 83
 286
 201
 82
 19
 24
 22
 264
 156
 267
 25
 24
 18
 18
 25
 21
 268
 24
 23
 265
 264
 20
 21
 25
 24
 47
 113
 37
 119
 87
 49
 65
 262
 225
 170
 96
 159
 264
 33
 16
 51
 24
 20
 21
 20
 264
 158
 268
 15
 21
 19
 241
 20
 84
 72
 214
 24
 264
 24
 24
 19
 268
 158
 25
 19
 33
 158
 267
 20
 19
 121
 75
 226
 53
 264
 267
 24
 17
 25
 19
 208
 106
 138
 274
 35
 17
 17
 18
 243
 198
 75
 119
 96
 193
 80
 219
 56
 79
 122
 80
 97
 19
 128
 138
 44
 264
 268
 24
 24
 264
 24
 19
 15
 22
 20
 113
 33
 25
 34
 158
 60
 25
 20
 35
 17
 26
 25
 305
 197
 264
 22
 19
 211
 267
 20
 264
 25
 268
 158
 264
 23
 268
 268
 24
 265
 267
 23
 15
 134
 21
 20
 268
 264
 157
 20
 410
 152
 40
 24
 267
 24
 25
 118
 143
 168
 20
 33
 166
 410
 23
 20
 104
 182
 21
 246
 15
 24
 160
 83
 73
 25
 18
 20
 58
 74
 96
 180
 105
 63
 254
 122
 91
 83
 130
 20
 219
 120
 89
 20
 25
 97
 21
 29
 160
 265
 24
 267
 160
 25
 21
 268
 159
 20
 23
 266
 18
 21
 25
 19
 25
 26
 27
 32
 264
 20
 267
 268
 259
 264
 267
 20
 25
 55
 20
 445
 87
 49
 109
 103
 119
 55
 383
 16
 194
 145
 28
 104
 167
 64
 119
 41
 123
 70
 67
 92
 361
 98
 65
 151
 118
 16
 18
 262
 105
 287
 25
 20
 268
 24
 23
 20
 154
 119
 91
 90
 126
 19
 106
 70
 55
 101
 114
 71
 94
 129
 56
 88
 20
 17
 55
 216
 295
 59
 138
 79
 51
 163
 56
 267
 19
 43
 26
 48
 330
 64
 72
 112
 253
 95
 59
 113
 40
 65
 134
 35
 55
 67
 124
 37
 114
 103
 28
 128
 106
 129
 114
 94
 66
 98
 56
 221
 87
 65
 71
 305
 66
 161
 264
 268
 264
 25
 25
 19
 126
 29
 264
 23
 264
 159
 23
 15
 19
 25
 39
 98
 52
 35
 118
 114
 81
 98
 92
 119
 55
 95
 20
 34
 65
 43
 55
 21
 177
 18
 264
 24
 25
 16
 185
 115
 65
 119
 73
 43
 65
 25
 71
 52
 51
 82
 106
 111
 55
 72
 105
 102
 80
 55
 51
 114
 98
 114
 144
 58
 20
 98
 119
 64
 103
 115
 136
 20
 25
 268
 22
 24
 497
 160
 265
 158
 264
 25
 20
 44
 274
 35
 158
 264
 21
 268
 24
 25
 24
 264
 22
 264
 159
 40
 23
 20
 267
 22
 267
 268
 158
 25
 23
 268
 23
 264
 20
 20
 58
 268
 268
 25
 263
 19
 264
 190
 267
 20
 19
 20
 264
 23
 20
 22
 25
 24
 264
 24
 267
 25
 20
 268
 18
 53
 63
 176
 268
 64
 23
 17
 20
 24
 264
 267
 21
 24
 264
 264
 55
 116
 54
 93
 333
 149
 149
 267
 24
 23
 24
 24
 15
 15
 25
 56
 74
 179
 20
 268
 26
 268
 160
 21
 267
 159
 21
 24
 20
 264
 21
 22
 16
 264
 158
 268
 268
 20
 20
 264
 20
 264
 158
 19
 25
 267
 25
 264
 24
 20
 264
 264
 24
 264
 24
 21
 166
 24
 29
 26
 25
 163
 56
 19
 350
 105
 51
 70
 71
 20
 20
 43
 303
 280
 116
 110
 97
 105
 131
 74
 113
 97
 111
 325
 114
 90
 19
 41
 22
 268
 111
 97
 23
 264
 158
 20
 24
 19
 18
 268
 159
 24
 25
 268
 21
 265
 25
 25
 268
 264
 19
 173
 16
 26
 43
 49
 15
 26
 168
 223
 174
 264
 263
 25
 19
 15
 21
 90
 125
 25
 65
 187
 72
 58
 114
 72
 122
 61
 59
 45
 153
 109
 88
 20
 120
 130
 67
 128
 26
 90
 90
 59
 114
 181
 269
 246
 25
 25
 208
 119
 69
 130
 43
 25
 264
 264
 23
 24
 15
 21
 25
 181
 267
 22
 268
 21
 20
 21
 264
 23
 267
 24
 20
 20
 111
 95
 88
 118
 32
 160
 264
 20
 268
 21
 270
 20
 268
 25
 22
 25
 24
 59
 105
 122
 64
 75
 70
 55
 39
 43
 52
 51
 59
 17
 43
 268
 25
 264
 160
 18
 23
 15
 19
 265
 103
 122
 95
 91
 77
 110
 50
 119
 149
 21
 25
 15
 20
 20
 28
 56
 381
 99
 192
 254
 43
 58
 130
 65
 15
 29
 26
 64
 102
 20
 21
 264
 19
 21
 19
 21
 20
 42
 23
 264
 160
 37
 120
 61
 48
 20
 90
 165
 61
 74
 120
 26
 19
 20
 238
 163
 45
 238
 174
 19
 21
 21
 268
 26
 264
 25
 73
 100
 177
 20
 100
 33
 16
 29
 27
 275
 55
 24
 24
 21
 268
 264
 22
 19
 15
 16
 354
 16
 26
 36
 74
 64
 86
 49
 417
 55
 19
 22
 267
 160
 268
 24
 264
 268
 27
 25
 59
 42
 88
 20
 21
 19
 20
 25
 20
 19
 25
 25
 17
 58
 25
 48
 24
 264
 264
 24
 24
 20
 268
 22
 268
 24
 20
 18
 25
 25
 264
 268
 23
 268
 244
 20
 56
 190
 43
 365
 19
 201
 94
 27
 492
 153
 268
 25
 23
 19
 20
 215
 125
 70
 207
 265
 25
 19
 57
 33
 24
 78
 47
 18
 264
 23
 19
 271
 35
 40
 25
 17
 25
 52
 25
 153
 264
 268
 264
 21
 267
 20
 19
 24


