# Created by Octave 3.8.2, Sun Apr 10 11:52:05 2016 BST <yy12135@salties>
# name: D
# type: matrix
# rows: 2
# columns: 4
 87.59350000000001 84.268 4.913330078125 1.587830078124995
 90.122 87.458 4.913330078125 2.249330078124999


# name: E
# type: matrix
# rows: 2
# columns: 1
 1.587830078124995
 2.249330078124999


# name: TA
# type: matrix
# rows: 3
# columns: 1
 4.913330078125
 4.913330078125
 4.913330078125


# name: TP
# type: matrix
# rows: 3
# columns: 1
 84.268
 87.458
 90.648


# name: TR
# type: matrix
# rows: 2
# columns: 1
 87.59350000000001
 90.122


# name: ans
# type: scalar
87.458


# name: lreq
# type: matrix
# rows: 1
# columns: 3
 5 5 5


# name: lres
# type: matrix
# rows: 1
# columns: 3
 5 10 15


# name: req5res10_5ms
# type: matrix
# rows: 1
# columns: 97
 82.45099999999999 82.06 81.92 82.124 89.994 90.03400000000001 89.982 90.413 90.042 90.47499999999999 90.587 90.154 89.94799999999999 89.34999999999999 89.259 90.553 90.258 90.16800000000001 90.032 89.952 90.134 90.124 90.09999999999999 90.096 90.182 89.98399999999999 89.971 90.13500000000001 90.10899999999999 90.39700000000001 90.298 90.01900000000001 90.221 90.024 89.988 90.113 90.14700000000001 91.09699999999999 90.16 90.322 89.173 90.185 90.03400000000001 90.122 90.179 90.184 90.178 90.105 90.02200000000001 90.271 90.71299999999999 90.221 90.03400000000001 90.033 90.092 88.179 90.163 90.501 90.399 90.566 89.464 90.236 90.05 90.157 505.893 90.238 90.107 90.157 90.179 90.11799999999999 90.246 90.554 88.965 90.136 90.423 90.077 90.895 90.03400000000001 90.146 90.64400000000001 87.303 90.163 90.125 90.386 90.066 90.014 90.068 89.96299999999999 89.974 91.04600000000001 89.89400000000001 90.08 90.185 90.032 90.18899999999999 89.94499999999999 89.998


# name: req5res5_5ms
# type: matrix
# rows: 1
# columns: 44
 83.209 87.377 87.66200000000001 87.867 87.143 87.61 87.542 87.387 87.71899999999999 87.699 87.711 87.721 87.322 87.589 87.51300000000001 87.265 87.45699999999999 87.44199999999999 87.90000000000001 87.762 87.59999999999999 89.235 87.53100000000001 87.598 87.496 87.892 87.54300000000001 88.22499999999999 87.566 87.685 87.55500000000001 87.714 87.56999999999999 87.724 87.327 87.748 87.509 87.88 87.336 87.29000000000001 87.673 87.771 88.09 87.508


