# Created by Octave 3.8.2, Sun Apr 10 12:42:10 2016 BST <yy12135@salties>
# name: D
# type: matrix
# rows: 9
# columns: 6
 5 5 87.59350000000001 84.268 4.8828125 1.557312499999995
 5 10 90.122 87.458 4.8828125 2.218812499999999
 5 15 92.5805 90.648 4.8828125 2.950312499999995
 5 20 95.84450000000001 93.83800000000001 4.8828125 2.876312499999997
 5 25 98.392 97.02800000000001 4.8828125 3.51881250000001
 5 30 100.848 100.218 4.8828125 4.252812500000005
 5 35 104.1865 103.408 4.8828125 4.104312500000006
 5 40 106.7365 106.598 4.8828125 4.744312499999992
 5 45 109.226 109.788 4.8828125 5.444812500000012


# name: E
# type: matrix
# rows: 9
# columns: 1
 1.557312499999995
 2.218812499999999
 2.950312499999995
 2.876312499999997
 3.51881250000001
 4.252812500000005
 4.104312500000006
 5.444812500000012
 4.744312499999992


# name: Lreq
# type: matrix
# rows: 9
# columns: 1
 5
 5
 5
 5
 5
 5
 5
 5
 5


# name: Lres
# type: matrix
# rows: 9
# columns: 1
 5
 10
 15
 20
 25
 30
 35
 40
 45


# name: TA
# type: matrix
# rows: 9
# columns: 1
 4.8828125
 4.8828125
 4.8828125
 4.8828125
 4.8828125
 4.8828125
 4.8828125
 4.8828125
 4.8828125


# name: TP
# type: matrix
# rows: 9
# columns: 1
 84.268
 87.458
 90.648
 93.83800000000001
 97.02800000000001
 100.218
 103.408
 109.788
 106.598


# name: TR
# type: matrix
# rows: 9
# columns: 1
 87.59350000000001
 90.122
 92.5805
 95.84450000000001
 98.392
 100.848
 104.1865
 109.226
 106.7365


# name: ans
# type: scalar
7


# name: lreq
# type: matrix
# rows: 1
# columns: 6
 5 5 5 5 5 5


# name: lres
# type: matrix
# rows: 7
# columns: 1
 5
 10
 15
 20
 25
 35
 45


# name: req5res10_5ms
# type: matrix
# rows: 1
# columns: 97
 82.45099999999999 82.06 81.92 82.124 89.994 90.03400000000001 89.982 90.413 90.042 90.47499999999999 90.587 90.154 89.94799999999999 89.34999999999999 89.259 90.553 90.258 90.16800000000001 90.032 89.952 90.134 90.124 90.09999999999999 90.096 90.182 89.98399999999999 89.971 90.13500000000001 90.10899999999999 90.39700000000001 90.298 90.01900000000001 90.221 90.024 89.988 90.113 90.14700000000001 91.09699999999999 90.16 90.322 89.173 90.185 90.03400000000001 90.122 90.179 90.184 90.178 90.105 90.02200000000001 90.271 90.71299999999999 90.221 90.03400000000001 90.033 90.092 88.179 90.163 90.501 90.399 90.566 89.464 90.236 90.05 90.157 505.893 90.238 90.107 90.157 90.179 90.11799999999999 90.246 90.554 88.965 90.136 90.423 90.077 90.895 90.03400000000001 90.146 90.64400000000001 87.303 90.163 90.125 90.386 90.066 90.014 90.068 89.96299999999999 89.974 91.04600000000001 89.89400000000001 90.08 90.185 90.032 90.18899999999999 89.94499999999999 89.998


# name: req5res15_5ms
# type: matrix
# rows: 1
# columns: 54
 92.492 92.60899999999999 92.697 92.215 92.44199999999999 92.495 92.60899999999999 90.28700000000001 96.396 92.294 92.565 92.093 92.428 92.556 92.629 92.7 92.63500000000001 92.679 93.131 92.70099999999999 92.42 92.617 92.48399999999999 92.854 92.839 92.592 92.526 92.56 92.574 92.587 93.17700000000001 92.565 92.52500000000001 92.5 92.55200000000001 92.53100000000001 92.422 92.664 92.486 92.58 92.52200000000001 92.581 92.66800000000001 92.642 92.63 93.19 92.785 92.736 92.60299999999999 92.574 92.509 92.468 92.89700000000001 92.587


# name: req5res20_5ms
# type: matrix
# rows: 1
# columns: 36
 82.155 82.081 82.04300000000001 95.82899999999999 95.83 95.586 95.869 95.777 95.90600000000001 95.96899999999999 95.82899999999999 95.736 95.92 96.001 95.926 95.751 95.84 95.803 95.81399999999999 95.944 95.816 96.127 94.77800000000001 94.494 95.98099999999999 95.071 96.226 95.97499999999999 95.87 95.84 95.849 95.932 96.04300000000001 95.96299999999999 95.905 95.84999999999999


# name: req5res25_5ms
# type: matrix
# rows: 1
# columns: 79
 98.59 98.128 98.31999999999999 98.238 97.88800000000001 98.30200000000001 98.334 98.358 97.48 98.27500000000001 98.30800000000001 98.264 98.706 98.465 99.408 98.73099999999999 98.60299999999999 99.735 98.547 98.43300000000001 98.372 97.758 98.52200000000001 98.51900000000001 98.651 98.212 98.639 98.22499999999999 99.113 97.538 98.374 98.44199999999999 98.38800000000001 98.455 98.363 98.453 98.44799999999999 98.246 98.343 98.48099999999999 98.456 98.881 99.29000000000001 98.468 98.96299999999999 98.377 98.363 98.40900000000001 128.808 98.836 98.581 98.34 98.40000000000001 98.26900000000001 98.389 98.205 98.32599999999999 98.392 96.36199999999999 97.123 98.848 98.907 98.431 98.39400000000001 98.28 98.273 98.645 98.271 98.306 98.46899999999999 98.61 98.38500000000001 98.54600000000001 98.367 98.63 98.346 98.279 98.45699999999999 98.386


# name: req5res30_5ms
# type: matrix
# rows: 1
# columns: 55
 100.861 100.713 100.92 100.742 100.648 100.946 100.925 100.924 100.875 100.647 100.849 101.314 100.906 100.723 100.958 100.754 100.696 100.88 100.806 100.973 100.949 100.692 101.456 101.059 100.938 100.909 101.012 100.726 100.674 100.826 100.745 100.762 100.706 100.739 100.833 101.344 100.92 100.699 100.929 100.755 100.89 100.757 100.785 101.201 100.759 100.887 100.938 100.848 100.91 100.8 92.89700000000001 101.011 100.77 98.892 97.602


# name: req5res35_5ms
# type: matrix
# rows: 1
# columns: 60
 103.895 104.15 104.183 104.233 104.143 104.27 104.27 104.122 103.47 104.028 104.287 103.855 104.326 104.28 104.179 103.995 104.01 104.232 104.326 104.24 104.281 104.253 104.122 104.239 104.477 104.19 104.131 104.113 104.168 104.259 104.197 104.229 104.484 104.077 104.066 104.084 104.115 104.302 104.118 104.126 104.232 104.137 103.969 104.158 104.816 104.234 104.437 103.893 103.815 104.142 104.182 104.34 257.582 104.117 105.285 104.671 104.205 103.874 104.506 104.344


# name: req5res40_5ms
# type: matrix
# rows: 1
# columns: 38
 106.237 106.954 106.82 106.63 106.74 107.146 106.446 105.767 106.97 106.526 106.684 106.809 107.23 106.416 106.098 107.235 106.572 106.543 106.863 106.736 106.795 105.513 106.737 106.642 106.745 106.636 106.544 106.748 106.679 106.792 381.726 106.591 106.776 106.656 106.894 106.6 107.37 106.853


# name: req5res45_5ms
# type: matrix
# rows: 1
# columns: 74
 109.209 109.034 109.171 109.252 109.364 109.146 109.412 110.81 109.695 109.208 110.368 109.128 109.088 109.389 109.386 109.439 109.369 109.131 109.356 108.923 108.85 103.591 109.41 108.028 108.021 109.107 109.179 108.941 109.305 109.219 109.159 109.376 109.261 109.381 109.159 109.368 109.749 109.561 109.443 109.102 109.268 109.159 109.077 109.548 109.234 109.085 109.736 109.497 109.21 108.838 108.977 109.255 109.21 109.236 108.945 109.136 109.62 109.032 109.233 109.417 109.324 109.086 109.241 109.13 109.515 109.647 109.295 109.173 109.233 108.928 107.793 109.001 109.202 109.374


# name: req5res5_5ms
# type: matrix
# rows: 1
# columns: 44
 83.209 87.377 87.66200000000001 87.867 87.143 87.61 87.542 87.387 87.71899999999999 87.699 87.711 87.721 87.322 87.589 87.51300000000001 87.265 87.45699999999999 87.44199999999999 87.90000000000001 87.762 87.59999999999999 89.235 87.53100000000001 87.598 87.496 87.892 87.54300000000001 88.22499999999999 87.566 87.685 87.55500000000001 87.714 87.56999999999999 87.724 87.327 87.748 87.509 87.88 87.336 87.29000000000001 87.673 87.771 88.09 87.508


# name: tA
# type: scalar
4.8828125


