# Created by Octave 3.8.2, Wed Apr 06 17:43:28 2016 BST <yy12135@salties>
# name: D
# type: matrix
# rows: 18
# columns: 4
 83.83799999999999 84.468 0.06103515625 -0.6910351562500097
 83.843 84.468 0.1220703125 -0.7470703125
 83.82899999999999 84.468 0.213623046875 -0.85262304687501
 84.40900000000001 85.006 0.396728515625 -0.9937285156249942
 84.392 85.006 0.6103515625 -1.224351562500004
 84.491 85.006 0.79345703125 -1.308457031250001
 84.404 85.006 1.007080078125 -1.609080078125004
 84.4205 85.006 1.220703125 -1.806203124999996
 86.0745 85.544 2.38037109375 -1.849871093749996
 88.526 85.544 4.791259765625 -1.809259765625001
 93.205 85.544 9.521484375 -1.860484374999999
 100.3365 85.544 16.632080078125 -1.839580078124996
 108.099 86.08199999999999 23.8037109375 -1.78671093749999
 120.009 86.08199999999999 35.675048828125 -1.748048828124993
 131.902 86.08199999999999 47.54638671875 -1.726386718750007
 150.866 86.08199999999999 66.58935546875 -1.805355468750008
 166.014 86.08199999999999 81.695556640625 -1.763556640624984
 180.3075 86.08199999999999 95.947265625 -1.721765624999989


# name: E
# type: matrix
# rows: 18
# columns: 1
 -0.6910351562500097
 -0.7470703125
 -0.85262304687501
 -0.9937285156249942
 -1.224351562500004
 -1.308457031250001
 -1.609080078125004
 -1.806203124999996
 -1.849871093749996
 -1.809259765625001
 -1.860484374999999
 -1.839580078124996
 -1.78671093749999
 -1.748048828124993
 -1.726386718750007
 -1.805355468750008
 -1.763556640624984
 -1.721765624999989


# name: TA
# type: matrix
# rows: 18
# columns: 1
 0.06103515625
 0.1220703125
 0.213623046875
 0.396728515625
 0.6103515625
 0.79345703125
 1.007080078125
 1.220703125
 2.38037109375
 4.791259765625
 9.521484375
 16.632080078125
 23.8037109375
 35.675048828125
 47.54638671875
 66.58935546875
 81.695556640625
 95.947265625


# name: TP
# type: matrix
# rows: 18
# columns: 1
 84.468
 84.468
 84.468
 85.006
 85.006
 85.006
 85.006
 85.006
 85.544
 85.544
 85.544
 85.544
 86.08199999999999
 86.08199999999999
 86.08199999999999
 86.08199999999999
 86.08199999999999
 86.08199999999999


# name: TR
# type: matrix
# rows: 18
# columns: 1
 83.83799999999999
 83.843
 83.82899999999999
 84.40900000000001
 84.392
 84.491
 84.404
 84.4205
 86.0745
 88.526
 93.205
 100.3365
 108.099
 120.009
 131.902
 150.866
 166.014
 180.3075


# name: ans
# type: scalar
81.695556640625


# name: dtlsapptime0_06ms
# type: matrix
# rows: 1
# columns: 397
 84.099 83.85899999999999 251.955 83.977 83.634 83.749 83.83199999999999 83.812 83.78 83.86199999999999 83.66500000000001 83.48399999999999 83.899 84.08 83.777 84.017 83.91800000000001 83.864 83.872 83.729 83.962 83.65600000000001 83.869 83.88200000000001 83.65900000000001 83.746 83.72 84.003 83.898 83.96599999999999 83.88200000000001 83.72199999999999 84.21599999999999 83.899 83.84099999999999 252.314 83.68899999999999 83.767 83.526 83.431 83.90000000000001 84.298 83.90300000000001 84.113 83.798 379.829 83.68600000000001 83.759 83.94499999999999 83.628 84.134 83.715 84.136 83.919 83.55500000000001 83.809 83.84099999999999 83.64100000000001 84.232 83.77500000000001 83.949 83.76300000000001 83.85299999999999 83.69 83.756 83.88800000000001 83.925 83.532 83.82899999999999 84.004 84.045 84.003 84.447 83.822 83.91500000000001 83.989 83.626 83.744 84.014 83.764 83.854 83.931 84.05 83.85899999999999 83.661 83.721 84.121 83.98699999999999 83.749 84.252 83.84999999999999 83.92100000000001 83.836 83.827 83.91200000000001 83.883 83.84699999999999 84.011 83.66200000000001 83.95099999999999 83.625 84.18300000000001 83.80200000000001 83.925 83.82299999999999 83.97199999999999 83.81999999999999 83.955 84.154 83.69799999999999 83.71599999999999 379.091 83.705 83.842 83.96299999999999 85.235 83.77200000000001 83.90000000000001 83.70399999999999 83.773 83.861 83.801 83.941 84.018 83.82299999999999 83.81399999999999 83.575 84.33199999999999 83.73099999999999 84.042 83.634 83.92 83.834 83.812 83.908 83.80200000000001 83.607 83.812 83.843 83.79000000000001 83.791 84.09999999999999 83.762 83.682 83.846 84.244 83.51000000000001 83.91 83.908 83.88800000000001 83.77200000000001 83.735 83.80800000000001 83.834 83.643 83.715 380.194 83.804 84.419 83.77200000000001 83.718 83.80500000000001 83.535 83.66 83.69 83.64700000000001 83.649 83.467 83.74299999999999 83.896 84.215 84.014 83.563 83.758 84.28100000000001 83.824 84.014 83.776 83.724 83.61799999999999 83.875 83.64400000000001 83.831 83.657 83.679 84.276 83.768 83.914 84.461 83.95999999999999 83.721 380.775 83.867 83.895 83.78100000000001 83.87 83.617 84.08799999999999 83.929 83.61499999999999 83.758 83.708 83.792 83.742 83.825 84.32299999999999 84.295 83.79000000000001 83.765 84.47499999999999 83.883 83.727 83.946 83.953 83.895 83.673 84.42400000000001 83.745 83.854 83.908 83.792 83.857 84.011 83.899 253.945 83.898 83.59699999999999 83.77200000000001 83.86499999999999 83.63800000000001 83.473 83.67400000000001 84.289 83.755 83.959 83.83199999999999 83.76600000000001 84.14400000000001 83.839 83.81399999999999 83.941 83.79600000000001 83.929 84.264 84.369 83.873 83.85599999999999 83.761 253.095 84.414 83.79600000000001 83.681 83.923 83.959 83.66800000000001 83.861 84.26900000000001 83.59699999999999 83.85299999999999 83.752 83.75700000000001 83.914 83.873 83.761 83.904 84.173 83.91500000000001 83.425 84.188 83.816 83.761 83.709 83.851 84.39700000000001 83.744 83.979 83.91200000000001 83.771 83.925 83.72799999999999 83.809 84.33199999999999 83.672 83.75 84.02800000000001 83.73 83.739 83.854 83.736 84.575 84.053 377.998 83.736 84.14 83.851 83.946 83.962 83.696 83.714 84.46899999999999 83.851 83.639 380.613 83.807 83.658 83.89400000000001 83.708 83.70399999999999 83.88500000000001 83.595 83.95 84.402 83.803 83.837 83.992 84.42700000000001 83.79900000000001 83.84399999999999 83.83799999999999 83.883 83.941 83.65600000000001 83.726 84.212 83.684 83.73999999999999 83.84699999999999 83.965 83.779 83.774 83.834 84.041 83.765 84.456 83.801 83.791 83.96599999999999 83.72499999999999 83.73 83.812 83.717 83.839 83.961 83.661 83.68300000000001 83.806 83.67700000000001 83.88 83.968 83.883 83.861 83.801 83.66200000000001 83.807 84.18300000000001 83.836 83.83799999999999 84.17100000000001 83.77500000000001 84.036 83.624 83.988 83.91800000000001 83.935 83.861 83.88800000000001 83.812 83.839 83.59999999999999 83.90000000000001 83.84699999999999 83.91500000000001 83.56999999999999 83.732 83.72 83.813 83.759 84.05800000000001 83.863 83.742 83.54900000000001 83.738 83.92700000000001 84.05200000000001 83.833 83.873 83.8 83.8 83.72799999999999 83.785 83.911 83.958 83.745 83.87 83.739 83.684 83.782


