# Created by Octave 3.8.2, Sat Apr 02 23:06:33 2016 BST <yy12135@salties>
# name: ans
# type: scalar
108.185


# name: dtlstime_12_1
# type: matrix
# rows: 1
# columns: 412
 79.31399999999999 86.15000000000001 86.178 86.369 86.444 86.211 86.15900000000001 86.425 86.184 86.172 86.297 86.327 86.521 86.191 86.968 86.151 86.357 86.541 86.426 86.297 86.324 86.218 86.792 86.215 86.307 86.85299999999999 254.289 86.21899999999999 86.87 86.155 86.282 86.577 86.825 86.68899999999999 86.705 86.86199999999999 86.306 86.355 86.621 86.494 252.167 86.28700000000001 86.554 86.08799999999999 86.203 86.261 86.414 86.235 86.34099999999999 86.68600000000001 86.765 86.477 86.639 86.001 86.358 86.244 86.29300000000001 86.42400000000001 86.136 86.379 86.426 86.494 86.292 86.566 86.569 86.54900000000001 86.051 86.18899999999999 86.264 86.807 86.70999999999999 86.084 86.35299999999999 86.929 86.123 86.23699999999999 86.286 86.867 86.261 86.286 86.7 86.393 86.245 87.083 86.22799999999999 86.256 86.58 86.223 86.71899999999999 86.22 85.93600000000001 86.178 86.121 86.462 86.324 86.164 86.21899999999999 86.28400000000001 86.286 86.63200000000001 86.64400000000001 86.139 86.2 86.498 86.39 86.42 86.196 86.648 86.426 86.833 86.78700000000001 86.495 86.099 86.239 86.483 86.21299999999999 86.461 86.354 86.28100000000001 86.349 86.188 86.648 86.58499999999999 86.31399999999999 86.157 86.19499999999999 86.571 86.285 86.26300000000001 86.55500000000001 86.35899999999999 86.23399999999999 86.65300000000001 86.056 86.041 86.221 86.428 86.926 86.18300000000001 86.506 86.402 86.277 86.292 86.777 86.239 86.35599999999999 86.349 86.548 86.52200000000001 86.154 86.14 86.485 86.34 86.15300000000001 86.87 86.622 86.40900000000001 86.122 86.33199999999999 86.366 86.2 86.239 86.34099999999999 86.29300000000001 86.31399999999999 86.73 86.346 86.259 86.179 86.185 86.15000000000001 86.571 86.206 86.364 86.651 86.11199999999999 86.316 86.855 86.343 86.5 86.553 86.282 86.509 86.40600000000001 86.407 86.303 86.339 86.376 86.255 86.43600000000001 86.283 86.252 86.84 86.387 86.307 86.376 86.298 86.172 377.477 86.438 86.267 86.19799999999999 86.285 86.223 86.42400000000001 86.94 87.098 86.422 86.413 86.32899999999999 86.661 86.432 86.384 86.15300000000001 86.212 86.504 86.34099999999999 86.84699999999999 86.361 86.642 86.42 86.44 86.23099999999999 86.411 86.238 86.542 86.29600000000001 86.414 86.521 86.166 86.693 86.41800000000001 86.44199999999999 86.17400000000001 86.79900000000001 86.286 86.27500000000001 86.33799999999999 86.17100000000001 86.319 86.251 86.18300000000001 86.69 86.205 86.33799999999999 86.20399999999999 86.26600000000001 86.375 86.429 86.312 86.246 86.679 86.282 86.072 504.937 86.32899999999999 86.456 86.571 86.584 86.444 86.592 86.806 86.499 86.89100000000001 86.298 86.476 86.404 86.274 86.36499999999999 86.586 86.57599999999999 86.422 86.298 86.34699999999999 86.2 86.505 86.60599999999999 86.271 86.10299999999999 86.46299999999999 86.255 86.514 86.785 86.325 86.297 86.411 86.401 86.599 86.396 86.169 86.759 86.965 86.31699999999999 86.66800000000001 86.352 86.31699999999999 86.496 86.422 86.989 86.852 86.67400000000001 86.40600000000001 86.294 86.17400000000001 86.191 86.871 378.698 86.32599999999999 86.726 86.03700000000001 86.477 86.63 86.83 86.432 86.434 86.89 86.751 86.55500000000001 86.31999999999999 86.19799999999999 86.16800000000001 86.006 86.48 86.32299999999999 86.30500000000001 86.086 86.617 86.571 86.33 86.32299999999999 86.23399999999999 86.479 86.075 86.238 86.797 86.273 86.123 86.47799999999999 86.822 86.854 86.068 86.3 86.199 86.413 86.443 86.27500000000001 86.426 86.31999999999999 87.456 86.417 86.343 86.10899999999999 86.236 86.203 86.476 86.773 86.36499999999999 86.232 86.20699999999999 87.175 86.33199999999999 86.52500000000001 86.217 86.251 86.90900000000001 86.58499999999999 86.80500000000001 86.298 86.17400000000001 86.479 86.303 86.461 86.286 86.377 86.172 86.598 86.142 86.223 86.69499999999999 86.88 86.498 86.76600000000001 86.194 86.38200000000001 86.378 86.3 86.236 86.236 86.339 86.29000000000001 86.05800000000001 86.38 86.208 86.343 86.492 86.20999999999999 86.066 86.154 86.31399999999999 86.566 86.22499999999999 86.16800000000001 86.056 86.48399999999999 86.333 86.19 86.206 86.254 86.499 86.154 86.205 86.23399999999999


