# Created by Octave 3.8.2, Fri Apr 01 20:09:46 2016 BST <yy12135@salties>
# name: ans
# type: scalar
83.798


# name: dtlsmodtime_1
# type: matrix
# rows: 1
# columns: 618
 83.86499999999999 127.324 83.789 83.69799999999999 83.60299999999999 83.69499999999999 83.617 83.678 84.321 83.628 83.877 83.666 83.605 83.667 83.902 84.248 83.742 83.607 83.8 83.69199999999999 83.636 83.596 83.679 84.133 83.998 83.91 83.617 83.652 83.637 83.499 83.58499999999999 83.663 84.205 83.70699999999999 83.73699999999999 83.751 83.721 83.753 83.84099999999999 83.83799999999999 83.755 83.82899999999999 83.804 83.712 83.77200000000001 83.79000000000001 83.765 83.848 83.884 83.509 83.923 84.117 83.79300000000001 83.68899999999999 84.074 83.776 83.68300000000001 83.81699999999999 83.652 83.777 83.863 83.729 83.669 83.623 83.80800000000001 83.879 83.598 83.636 84.069 84.27500000000001 83.965 83.765 83.86499999999999 83.733 83.84099999999999 83.474 84.05 83.587 83.98099999999999 83.667 83.931 83.696 83.602 83.977 83.80200000000001 83.58 376.86 83.437 83.877 83.955 83.95099999999999 83.789 83.589 83.56100000000001 83.51600000000001 83.82599999999999 83.63200000000001 83.8 84.002 83.556 84.31699999999999 83.73099999999999 83.91 83.542 83.94 84.017 83.922 83.58 83.816 83.872 83.539 83.881 83.818 83.71899999999999 83.821 83.812 83.697 83.437 84.23099999999999 83.792 83.858 83.849 83.467 83.76000000000001 83.616 83.642 83.76900000000001 83.858 83.988 83.85899999999999 83.735 83.59699999999999 75.709 83.67100000000001 83.82599999999999 83.85599999999999 84.764 83.816 84.17100000000001 83.78700000000001 83.71599999999999 83.73999999999999 83.77200000000001 84.363 83.854 80.20399999999999 83.62 83.94799999999999 84.61 83.852 83.61799999999999 84.13 83.86 83.98099999999999 83.64700000000001 83.929 83.889 83.744 83.627 83.607 83.759 83.755 83.869 83.94799999999999 83.697 83.718 83.831 83.70099999999999 84.44799999999999 83.872 83.884 83.86199999999999 83.923 84.121 83.804 83.59999999999999 83.914 83.8 83.322 83.806 83.426 84.035 83.908 83.956 83.79600000000001 84.158 84.04600000000001 83.73 83.739 83.90600000000001 83.744 83.72 84.137 83.572 84.01900000000001 83.76300000000001 83.93000000000001 83.97 83.657 83.839 84.471 83.59999999999999 83.724 84.012 83.66500000000001 84.099 84.276 83.80500000000001 83.47199999999999 84.096 83.86799999999999 83.687 84.02500000000001 83.812 83.943 83.782 83.741 83.881 83.935 83.52800000000001 83.73999999999999 83.792 83.818 83.63200000000001 83.83499999999999 83.712 83.684 83.557 83.693 83.92700000000001 83.768 83.55500000000001 83.75 83.90900000000001 83.587 83.84699999999999 83.79000000000001 83.89400000000001 83.727 83.995 83.729 83.747 83.95099999999999 83.575 84.111 83.76000000000001 83.626 83.601 83.92 83.748 83.855 83.623 83.85299999999999 83.83799999999999 83.563 83.658 83.884 84.026 83.786 83.569 83.663 84.116 83.95399999999999 83.877 83.72199999999999 83.792 83.965 83.78700000000001 83.90300000000001 83.76300000000001 83.90300000000001 83.81699999999999 83.631 84.06 83.761 84.28 83.843 83.95 252.14 84.06699999999999 83.715 83.977 83.71299999999999 83.69499999999999 83.78 83.82299999999999 83.92400000000001 83.80500000000001 83.93600000000001 83.878 84.586 83.893 83.79300000000001 83.878 84.008 84.051 84.348 83.988 83.81399999999999 83.97499999999999 84.345 83.654 83.71299999999999 83.62 83.613 83.977 83.84699999999999 83.81 83.86199999999999 83.761 83.61199999999999 83.664 83.773 83.851 84.038 84.244 83.83799999999999 83.877 83.916 83.693 84.373 84.003 84.634 84.744 377.759 83.979 83.655 83.598 83.777 83.61199999999999 83.613 83.67100000000001 83.83199999999999 83.842 83.65000000000001 83.81999999999999 84.045 83.56100000000001 83.648 83.92700000000001 83.55 83.959 83.923 83.795 83.63 83.71899999999999 83.69799999999999 84.253 83.813 84.03 83.63800000000001 84.143 83.925 83.898 83.82299999999999 83.622 83.608 83.899 83.80200000000001 83.854 83.788 83.813 83.928 83.961 84.023 83.999 83.807 83.622 83.839 84.114 83.878 83.98699999999999 83.84399999999999 83.82599999999999 83.70399999999999 83.681 83.905 83.905 83.776 83.78 83.664 84.17700000000001 83.652 84.09399999999999 84.01300000000001 83.5 83.88 83.78400000000001 83.747 83.879 83.85899999999999 83.727 83.679 83.765 83.80500000000001 83.792 84.063 83.63 84.08199999999999 84.114 83.971 83.935 83.68300000000001 83.53400000000001 84.10599999999999 83.943 83.64700000000001 83.651 83.685 83.71899999999999 83.711 83.473 83.76900000000001 83.599 83.86499999999999 83.697 84.038 83.648 84.22 84.235 253.403 83.649 83.66800000000001 84.056 83.663 83.935 83.649 83.937 83.98699999999999 83.642 83.76600000000001 83.754 83.30200000000001 84.63500000000001 83.419 83.602 83.84699999999999 83.673 84.063 83.729 83.926 83.70999999999999 83.85299999999999 83.801 83.679 83.566 83.798 83.681 83.789 83.86 84.001 83.929 83.923 83.75700000000001 83.812 83.636 83.917 83.73699999999999 84.011 83.596 83.62 83.771 83.798 83.789 83.79600000000001 83.702 83.631 83.98099999999999 83.916 83.901 84.001 83.755 84.03100000000001 83.95699999999999 83.759 83.745 83.779 83.872 83.68000000000001 83.77 83.75700000000001 84.238 84.01600000000001 84.089 83.77200000000001 83.589 83.971 83.70099999999999 83.568 83.50700000000001 83.863 83.95699999999999 84.273 83.604 83.807 83.996 83.914 83.70999999999999 83.694 83.626 83.51300000000001 83.78700000000001 83.684 84.248 83.794 83.77200000000001 83.788 83.70399999999999 83.45699999999999 83.79000000000001 83.81699999999999 83.89 83.581 83.78 84.047 83.792 83.81699999999999 83.749 83.97 83.726 83.678 83.91800000000001 84.381 83.72799999999999 83.745 83.47499999999999 83.751 84.111 83.84399999999999 84.29000000000001 83.973 84.14700000000001 83.40600000000001 84.11199999999999 83.53400000000001 83.745 377.978 83.916 84.03400000000001 83.81 83.786 83.911 83.651 83.7 83.70999999999999 83.788 83.58199999999999 83.887 83.98 83.89 83.883 83.68899999999999 83.902 84.048 83.747 83.714 84.101 83.863 83.92700000000001 83.846 84.249 84.277 83.77 83.65000000000001 83.709 83.73099999999999 83.875 83.736 83.837 83.741 83.842 83.655 84.14400000000001 83.83 83.95099999999999 83.702 84.074 83.94199999999999 83.59099999999999 83.73699999999999 83.996 83.848 83.765 83.581 83.852 83.70399999999999 83.65600000000001 83.708 83.74299999999999 83.73999999999999 83.98699999999999 83.741 83.82599999999999 84.666 83.714 83.621 83.705 83.84399999999999 83.61 84.19 83.36 83.47199999999999 83.631 83.61 84.15600000000001 84.42400000000001 83.83499999999999 84.02800000000001 83.91200000000001 83.69499999999999 83.74299999999999 83.76000000000001 83.78100000000001 84.059 83.73099999999999 379.509 83.822 83.435


